829192
904532
1090493
333988
0
0
0
0
0
0

829192
904532
1090493
333988
0
0
0
0
0
0

829192
904532
1090493
333988
0
0
0
0
0
0

829192
904532
1090493
333988
0
0
0
0
0
0

829192
904532
1090493
333988
0
0
0
0
0
0

829192
904532
1090493
333988
0
0
0
0
0
0

829192
904532
1090493
333988
0
0
0
0
0
0

829192
904532
1090493
333988
0
0
0
0
0
0

829192
904532
1090493
333988
0
0
0
0
0
0

829192
904532
1090493
333988
0
0
0
0
0
0