3871 3848
5418 664556
11088 315165
31331 776973
37542 86704
38743 457791
44204 304149
50868 533015
60958 589560
62395 1121719
63646 536824
82385 56946
91534 113206
95457 143299
96909 882203
98147 135888
99248 769468
100593 962005
104628 266883
105063 274309
118565 469475
120156 379802
123915 788586
136840 1059065
137239 578431
138384 323288
141439 720974
145657 394889
149085 825940
149140 623480
152400 973702
156840 139774
157243 619851
168043 49661
181729 1049453
197559 466022
198353 758723
218223 8445
218545 826176
227673 815113
229481 428713
235134 833759
265710 691444
268325 1061249
270723 1105460
271125 935546
280544 623914
284529 31356
292346 687863
295691 68852
301856 762794
303659 1045248
307337 203819
307442 833987
314558 136600
317476 155376
336197 361594
336915 144102
340248 35300
359381 35368
359998 747918
364603 507852
368902 781902
373305 973950
381086 556691
403153 16559
404606 530508
411751 297819
424372 215600
431385 129454
434047 545565
437866 1030842
443493 714592
446567 151987
457228 936169
466040 1101022
471567 613321
476030 474369
476609 358337
484714 534386
485574 260695
487724 80662
488497 129617
491965 343207
494975 114532
503711 857346
507602 985596
509500 800961
517442 32137
520717 1049831
521077 478320
521376 545851
521578 489527
527199 470853
533945 594934
535014 759834
535859 963747
566533 643701
581869 797468
585691 989571
588045 819943
606511 670309
607181 66244
608010 306017
612548 276001
618029 835048
620336 715171
624474 433806
629280 681643
645669 66369
651029 793978
651097 358893
661613 291208
662065 846440
675997 235238
681106 903079
696093 756554
699486 741563
713156 842967
718895 625377
725807 126661
727944 527833
746032 1037716
750246 201553
754930 1066412
763547 516678
764127 336482
777879 231871
781435 332831
794731 160687
803222 899791
812121 104372
812705 1006665
816001 779580
816081 317977
823533 1052242
825216 1105860
836990 832025
839998 622121
842582 385978
844509 291828
850675 588386
851704 652298
853634 580803
854373 772145
855674 25758
856242 644711
856955 1008642
862195 416026
868383 220845
874534 988170
877225 333145
880359 776084
880924 404926
885292 48260
889814 445818
894490 1033483
902153 318270
910363 960313
916459 401252
919166 134863
946274 798690
946350 577290
948024 344755
953953 262245
955278 892828
956827 806301
961453 772531
962189 937827
979701 457159
987883 693898
1013038 172607
1014690 401592
1021955 821395
1026426 479966
1028357 1102049
1037791 896818
1039499 742654
1041081 885469
1044096 930674
1051555 603976
1058248 435282
1058776 889296
1061451 969532
1081557 870599
1082423 976502
1088688 731497
1088998 109028
1089984 131615
1091459 949464
1097616 67842
1098067 390570
1107688 604189
1108219 255323
1110239 551508
1114400 45285
1115329 859455
1126631 1015732
1127453 900849
1127690 176725
