819943
798690
622121
1101022
826176
949464
870599
962005
833987
758723
48260
578431
580803
857346
762794
604189
390570
1049453
896818
318270

664556
126661
691444
937827
1066412
681643
466022
435282
35368
231871
297819
507852
255323
644711
489527
788586
589560
899791
960313
619851

741563
1006665
985596
136600
215600
1015732
274309
358337
892828
114532
623914
66369
129617
835048
969532
32137
134863
720974
385978
35300

988170
731497
963747
973702
885469
594934
776973
235238
536824
643701
131615
86704
203819
545851
1121719
176725
821395
358893
693898
445818

56946
1030842
806301
306017
479966
201553
976502
49661
859455
139774
530508
291828
825940
769468
832025
474369
68852
625377
16559
401252

779580
527833
276001
670309
67842
469475
772531
903079
104372
652298
66244
260695
113206
556691
151987
457159
135888
109028
336482
1105460

1102049
623480
833759
155376
935546
428713
715171
545565
416026
714592
144102
478320
343207
551508
3848
534386
1059065
401592
1049831
1105860

776084
31356
759834
900849
989571
846440
772145
433806
80662
25758
936169
815113
842967
742654
588386
747918
304149
889296
379802
577290

1052242
394889
470853
687863
533015
220845
344755
323288
266883
361594
172607
8445
797468
1033483
800961
291208
129454
1061249
793978
516678

1045248
315165
160687
781902
404926
603976
317977
332831
45285
613321
333145
262245
930674
1037716
143299
756554
973950
1008642
882203
457791

